35007
35242
35055
36526
36303
35630
35244
35802
35806
36606
36117
36801
36203
35404
72032
72903
71913
72117
85295
85308
85737
85085
85054
86314
85251
85284
85710
93312
90703
95928
91710
91910
93612
94015
94568
92020
95758
90245
92024
92029
94533
95630
94538
93711
93720
91210
94545
92647
92694
92653
95240
95035
95356
93021
95037
92563
92660
92054
93036
93550
92260
91107
94952
94523
96003
95678
95832
93907
92128
92110
95123
93405
91350
93454
95401
95207
94087
91360
90503
95380
92782
91784
92392
93277
91791
92887
80012
80016
80601
80021
80920
80922
80401
80226
80124
80123
80501
80537
81008
80023
6019
6810
6082
6351
6042
6451
6460
6111
6473
6854
6062
6385
20018
19901
19702
19803
33160
33498
33426
34205
33511
34613
33761
34711
33071
33143
33837
32114
33907
33913
33305
32608
32246
32218
34957
32055
33809
32904
33183
33137
34109
34474
32073
32803
32839
32809
32828
32571
32413
33026
32504
33324
32771
33710
33323
32301
33625
33609
33544
33411
30022
30606
30326
30338
30909
31525
30519
30115
31909
30041
30214
30501
31313
30144
30052
31210
30062
30253
30265
30092
31322
31406
30084
52601
52402
51501
52807
52002
50702
50266
83704
83646
83687
83202
83301
60102
60004
60108
61701
60914
62901
61820
60610
60607
60010
62208
60134
60026
60435
60148
60051
61265
60540
60714
60062
60462
60543
61615
62301
61108
60173
62704
60487
60061
60560
46123
47401
46032
47129
47715
46804
46805
46142
46322
46250
46278
47905
46410
46545
47303
46060
46168
47374
46383
46229
67846
66046
66211
66502
66202
66062
67401
66604
67206
67209
41101
42104
41042
40601
40509
40503
40299
40222
40241
41071
42001
40475
70809
70053
70508
70601
70002
71203
71105
70458
2301
1923
2747
2026
1035
2339
1453
2155
1527
1760
2760
1532
1201
2360
1906
2771
2780
1089
1605
21236
21014
21030
21045
21601
21042
21703
20878
21054
21061
21740
20653
21801
20603
21157
20902
4330
4401
4106
4086
48108
48302
48116
48188
48051
49512
49418
49424
48912
48150
48858
49444
48375
48377
48864
49002
48059
48307
48066
48604
48313
48180
48083
48315
56425
55306
55448
55811
55369
55305
55423
55113
56387
55125
63005
65203
63131
64057
65109
64153
64086
64068
65065
63129
64506
63376
63090
63385
39705
39540
39232
39402
39110
38655
38804
28315
27502
28704
28805
27215
27518
28216
28209
28027
27707
28314
27529
28054
27534
27407
27834
28602
27540
28078
28546
27545
28105
28117
28557
28655
28134
27616
27617
28146
28405
28403
27103
58503
68803
68510
68114
68046
3301
3431
3060
3801
3079
3874
8723
8016
8002
8096
8816
7936
7728
8050
8330
8054
7652
8540
7866
7080
7083
8360
7470
7095
87110
87114
87402
88011
89014
89109
89502
12203
14226
13021
14020
11706
13904
14225
13041
11725
13214
11530
11385
14845
14850
12401
11755
12110
11758
11747
10941
13413
13820
14127
11772
12901
12601
12804
11901
14626
14623
12866
10314
13204
11582
13850
14564
13601
14580
10994
10605
14221
10710
10598
44221
44333
44202
45431
44514
44720
45601
45251
45245
45236
45238
43219
43240
45459
43017
44035
45840
43123
45011
43056
43026
43528
45424
43130
45069
44124
45040
44060
44663
44446
44070
44903
44129
44870
45504
43952
44136
43623
44145
44691
74012
73501
73110
73160
73134
73128
74132
74133
97701
97086
97408
97030
97124
97035
97501
97217
97301
97223
18106
16602
16001
17011
17202
19426
16066
19335
18045
16565
19030
15601
15601
17331
17112
15120
19406
17601
15237
15061
15146
19454
19154
15205
15241
19462
19465
19610
18508
17870
16803
18360
15084
15401
15301
15123
18052
18702
17756
19090
17402
17404
2917
2886
29621
29910
29407
29212
29229
29501
29607
29464
29577
29582
29730
29301
29483
57106
37701
37620
37421
37040
38016
37067
38305
37601
37660
37923
37115
38125
37813
37122
37129
37209
37830
37876
75002
76015
78758
78738
78521
75104
78613
78411
75240
75231
79925
79912
76039
75028
76177
77546
75034
75040
76548
77056
77044
77070
77338
76053
75063
77494
75605
75150
78130
77584
78660
75078
75087
78257
78253
78224
77479
77380
76710
84003
84041
84047
84058
84790
22041
22902
23320
24073
23834
22701
22192
24540
20166
22033
22407
20155
23059
22801
20176
24502
20109
23602
23235
23235
23233
24012
22150
20166
23435
23452
23462
23832
23185
22601
5701
5495
98008
98226
98233
98003
98029
98271
98502
98373
98057
98125
98383
99216
98409
98188
98903
54913
53045
53024
54304
53545
53158
54650
53704
53719
53406
54904
54401
53222
25504
26330
26501
25403
25880
25309
82609
